        0           0           0           0           0           0           1
        0           0           0           0           0           0           1
  -0.1832   -0.091223     0.63566 -0.00053467   0.0017183   0.0017924           1
  -0.1832   -0.091223     0.63566 -0.00053467   0.0017183   0.0017924           1
 -0.07883   -0.013605      1.2083   0.0019998 -0.00042457    0.001381           1
 -0.07883   -0.013605      1.2083   0.0019998 -0.00042457    0.001381           1
-0.094881   -0.021966      1.7614   0.0025768   -0.001016   0.0014036           1
-0.094881   -0.021966      1.7614   0.0025768   -0.001016   0.0014036           1
-0.086925   -0.040991      2.3227   0.0032795  -0.0020416   0.0025379     0.99999
-0.086925   -0.040991      2.3227   0.0032795  -0.0020416   0.0025379     0.99999
 -0.07485   -0.061454      2.9009   0.0040532  -0.0033397   0.0037681     0.99998
 -0.07485   -0.061454      2.9009   0.0040532  -0.0033397   0.0037681     0.99998
-0.078964   -0.053115      3.5021   0.0050382  -0.0044532   0.0043061     0.99997
-0.078964   -0.053115      3.5021   0.0050382  -0.0044532   0.0043061     0.99997
-0.074779   -0.082129      4.1011   0.0043988  -0.0057125    0.004252     0.99996
-0.074779   -0.082129      4.1011   0.0043988  -0.0057125    0.004252     0.99996
 -0.15154    -0.12992      4.7036   0.0041694  -0.0051984   0.0050195     0.99997
 -0.15154    -0.12992      4.7036   0.0041694  -0.0051984   0.0050195     0.99997
